300	4125.09532	666.04694	1735.02846	0.14012	0.29555	0.43567	0.43509	0.36791	16.16406	70	32.77	16.39	704
300	2461.46989	405.60671	971.68121	0.14253	0.27994	0.42246	0.4245	0.35878	14.1724	62.1	32.64	16.32	699
300	1467.41499	273.07303	626.9806	0.15724	0.29923	0.45647	0.45626	0.38018	17.07106	74	32.43	16.22	711
300	1007.10698	182.9618	443.90484	0.1532	0.30638	0.45957	0.45967	0.38365	16.94244	73.8	32.32	16.16	710
300	861.52244	161.03844	399.42325	0.15598	0.3141	0.47008	0.47425	0.39414	15.85952	69.4	32.42	16.21	705
300	802.27206	157.01157	366.13587	0.16352	0.31074	0.47426	0.47704	0.3947	17.20204	74.6	32.49	16.24	710
300	815.73022	130.62994	377.60451	0.13782	0.31592	0.45374	0.45446	0.38387	16.98124	73.5	32.56	16.28	710
300	971.44076	163.07042	434.0264	0.14316	0.30768	0.45084	0.45255	0.38067	17.62802	76.2	32.57	16.28	710
300	1201.27054	190.2342	470.2923	0.13554	0.28285	0.41839	0.41806	0.35478	17.622	76	32.73	16.37	708
300	1443.37016	252.99366	595.40562	0.14786	0.29313	0.44099	0.44118	0.37019	16.92672	74.7	32.34	16.17	701
300	2815.69651	463.35679	1114.33793	0.14176	0.2851	0.42686	0.42485	0.35911	13.65208	62.4	32.02	16.01	683
300	1360.3634	238.99074	584.81641	0.14994	0.30439	0.45433	0.45008	0.37717	17.44748	76	32.37	16.18	709
300	981.3856	162.38975	431.06583	0.14286	0.30478	0.44764	0.44717	0.37684	16.85828	73.6	32.42	16.21	706
300	867.1333	152.99498	385.39671	0.14784	0.30598	0.45382	0.45767	0.38305	17.2752	76	32.18	16.09	706
300	782.14485	138.01646	376.45473	0.15009	0.32058	0.47066	0.47491	0.39678	17.322	76.4	32.15	16.07	705
300	675.96911	144.47367	314.95288	0.1749	0.31624	0.49114	0.49393	0.40464	16.85132	75.4	31.73	15.86	705
300	608.30919	110.96457	296.61076	0.15287	0.32687	0.47975	0.48205	0.4012	17.2428	76.5	31.96	15.98	706
300	600.92797	114.19994	306.37014	0.1583	0.33656	0.49486	0.49736	0.41172	17.4396	76.6	32.25	16.13	706
300	638.19352	122.15905	314.20101	0.15961	0.32902	0.48862	0.49057	0.40608	17.7828	77.2	32.55	16.28	708
300	622.62391	99.88889	304.65834	0.1352	0.31467	0.44987	0.4668	0.39385	17.6568	77.2	32.28	16.14	709
300	643.49566	116.96473	296.30853	0.15291	0.31213	0.46504	0.4691	0.39107	17.0687	74.2	32.49	16.24	708
300	834.64983	169.15802	388.50928	0.16692	0.31635	0.48327	0.48614	0.40053	15.0584	66.1	32.75	16.38	696
300	958.47345	181.22552	408.04159	0.15807	0.29799	0.45607	0.45761	0.38073	16.77606	72.9	32.73	16.36	703
300	1174.18482	222.24622	499.10811	0.1594	0.29999	0.45939	0.45743	0.38055	17.21556	75.2	32.49	16.24	704
300	1407.597	236.00064	575.08114	0.1432	0.28974	0.43294	0.43364	0.36557	16.638	73.1	32.38	16.19	703
300	1344.01388	232.77705	563.33586	0.14634	0.29588	0.44222	0.44298	0.37199	17.04852	75	32.33	16.17	703
300	1115.19021	210.31628	497.11326	0.15873	0.30665	0.46537	0.46699	0.38814	17.37432	76.3	32.37	16.19	704
300	938.81294	156.70512	422.14353	0.14249	0.30903	0.45153	0.45322	0.38141	16.83624	73.5	32.56	16.28	703
300	825.35416	153.87545	382.88571	0.15726	0.31631	0.47357	0.47403	0.39406	16.2564	72.5	32.26	16.13	695
300	715.48454	116.44508	318.63398	0.13937	0.30656	0.44594	0.44809	0.37814	10.4672	58.3	31.35	15.68	573
300	892.93981	163.22243	392.40845	0.1531	0.30475	0.45784	0.45984	0.38357	16.52652	73.1	32.47	16.23	696
300	995.10617	169.84288	417.75319	0.14524	0.29556	0.4408	0.44147	0.37126	16.461	72.4	32.44	16.22	700
300	1039.06921	148.91865	410.0975	0.12499	0.28203	0.40701	0.40834	0.3498	16.5822	73.2	32.32	16.16	700
300	1004.88121	180.67019	489.42645	0.15172	0.3272	0.47892	0.47992	0.40006	15.80154	70.2	32.29	16.14	697
300	845.11327	146.89846	372.58305	0.14662	0.30551	0.45214	0.45406	0.38069	16.61322	73.6	32.19	16.09	701
300	667.0095	125.66798	297.53315	0.15676	0.30522	0.46198	0.46701	0.38818	16.98374	74.9	32.38	16.19	701
300	571.88394	100.24364	237.15922	0.14536	0.28938	0.43474	0.44228	0.37106	17.14894	75.4	32.32	16.16	703
300	537.61125	97.96294	235.27156	0.15932	0.31206	0.47138	0.45854	0.38266	16.62976	73.1	32.46	16.23	701
300	558.01575	105.88298	268.49948	0.15858	0.32183	0.48041	0.48434	0.40153	17.19004	75.3	32.44	16.22	704
300	580.61062	115.88071	282.38143	0.1653	0.32625	0.49156	0.49359	0.40686	17.45452	75.4	32.81	16.4	705
300	600.67963	115.82184	264.61525	0.16105	0.30095	0.462	0.46746	0.38776	16.03932	70.1	32.66	16.33	700
300	721.68989	153.14772	366.93387	0.17403	0.33649	0.51053	0.51212	0.41882	16.54938	71.8	32.72	16.36	704
300	779.90752	144.12307	367.04157	0.1553	0.3186	0.47389	0.47599	0.39592	16.38268	71.9	32.51	16.25	701
300	812.3525	148.61221	399.04817	0.15447	0.32746	0.48193	0.48406	0.40269	14.47748	64.6	32.68	16.34	686
300	835.59584	159.75756	359.27081	0.15936	0.29831	0.45767	0.46118	0.38315	16.83392	73.9	32.54	16.27	700
300	864.0022	150.39231	414.98171	0.14676	0.3245	0.47126	0.47272	0.39554	13.83264	62.5	32.45	16.23	682
300	897.3128	171.4578	398.7722	0.15997	0.30617	0.46614	0.4681	0.38856	16.87636	74.5	32.32	16.16	701
300	915.37909	172.62562	427.76896	0.15707	0.31647	0.47354	0.47714	0.3961	16.88728	74.3	32.52	16.26	699
300	845.64121	149.85313	363.92325	0.15002	0.29978	0.4498	0.4514	0.37794	16.89888	74.1	32.73	16.36	697
300	741.58915	134.35814	336.89458	0.14552	0.28474	0.43026	0.46576	0.38855	17.0715	74	32.99	16.5	699
300	648.85477	120.53981	313.96958	0.15563	0.32544	0.48106	0.48276	0.40107	16.86288	75.3	32.34	16.17	692
300	767.50196	137.84626	369.11218	0.15061	0.32207	0.47268	0.477	0.39778	16.82348	74.1	32.58	16.29	696
300	797.55419	158.57707	386.07652	0.17057	0.33333	0.5039	0.49203	0.40579	17.07752	75.5	32.36	16.18	699
300	669.00957	103.56452	286.32688	0.131	0.28751	0.41851	0.43376	0.3682	17.19932	75.6	32.53	16.26	699
300	579.94326	113.52026	288.609	0.16377	0.32924	0.49301	0.49599	0.40947	16.7852	75	32.11	16.06	697
300	513.40838	103.06733	243.36905	0.16622	0.3206	0.48682	0.48877	0.40291	16.99398	75.7	32.21	16.1	697
300	487.37457	96.13061	213.6686	0.18353	0.3237	0.50724	0.46953	0.38862	16.89288	75.3	32.07	16.04	699
300	466.74711	77.35848	220.573	0.14919	0.32544	0.47463	0.46309	0.38962	14.83272	66.2	32.46	16.23	690
300	500.36897	98.24288	207.26749	0.16458	0.30176	0.46634	0.45702	0.3791	17.0687	75	32.56	16.28	699
300	536.47785	119.29784	274.59617	0.18118	0.33803	0.51921	0.52048	0.42337	17.29038	75.9	32.56	16.28	700
300	685.60615	130.89963	336.71543	0.15595	0.32759	0.48354	0.48968	0.40549	16.44222	71.5	32.76	16.38	702
300	816.38977	143.44772	378.61571	0.14848	0.31629	0.46477	0.46628	0.39005	15.59488	68.4	32.76	16.38	696
300	822.82581	135.37826	362.53593	0.14087	0.30558	0.44645	0.44713	0.377	17.25514	75.1	32.73	16.36	702
300	773.44251	154.36552	362.55465	0.16922	0.32804	0.49725	0.48553	0.4006	17.24108	75.3	32.7	16.35	700
300	804.09776	152.53416	342.8276	0.1591	0.29836	0.45746	0.45836	0.38121	17.12622	74.6	32.81	16.4	700
300	834.30802	148.81364	359.49071	0.15074	0.2998	0.45054	0.4525	0.37859	17.24592	74.7	32.93	16.47	701
300	876.55958	167.29304	381.45866	0.15951	0.3017	0.46121	0.46349	0.385	17.21092	75.5	32.52	16.26	701
300	787.97421	154.03176	370.42883	0.1617	0.31809	0.4798	0.48329	0.39961	13.211	59.7	32.79	16.39	675
300	688.77891	137.56972	327.51291	0.16306	0.31963	0.48269	0.48874	0.40307	17.03968	76.2	32.51	16.25	688
300	624.55011	114.54299	297.31299	0.15418	0.3218	0.47598	0.47749	0.39739	16.24448	74	32.42	16.21	677
300	1057.23598	181.40055	425.40666	0.14616	0.28504	0.4312	0.43338	0.36466	16.53456	72.7	32.52	16.26	700
300	1125.27883	197.16436	447.64989	0.14856	0.28253	0.43109	0.43369	0.36428	16.44068	72.1	32.55	16.27	700
300	1083.23272	203.63491	476.67814	0.15761	0.3043	0.46191	0.46382	0.38576	16.14604	71.6	32.21	16.11	700
300	896.4831	168.72252	417.69033	0.15739	0.31557	0.47296	0.47623	0.39545	16.58814	73.3	32.31	16.16	700
300	772.12078	145.85999	374.72151	0.15831	0.32627	0.48458	0.48563	0.40271	16.69356	73.8	32.28	16.14	701
300	696.65933	122.69273	311.14329	0.14871	0.30704	0.45575	0.45848	0.38376	16.93832	74.9	32.27	16.13	701
300	673.87007	120.86559	339.93698	0.1511	0.33445	0.48556	0.48739	0.40611	16.39904	73.4	32.17	16.08	694
300	691.8599	136.32052	354.5794	0.16439	0.33597	0.50036	0.50345	0.41505	17.14658	75.9	32.24	16.12	701
300	710.999	131.36718	329.36962	0.15588	0.31521	0.47108	0.47254	0.39321	13.65916	61.5	32.44	16.22	685
300	717.46629	150.28	340.79317	0.17292	0.31937	0.49228	0.49522	0.40634	15.21216	66.9	32.77	16.39	694
300	576.67354	105.29334	273.14773	0.15232	0.31854	0.47086	0.47581	0.39623	8.22868	48.6	32.57	16.28	520
300	588.02011	118.67189	271.02706	0.16594	0.3098	0.47573	0.48342	0.39858	17.42152	75.2	32.77	16.39	707
300	601.30865	114.90514	304.35115	0.15952	0.33393	0.49345	0.49649	0.41081	17.50766	75.8	32.73	16.37	705
300	622.62093	126.05871	337.17329	0.16723	0.35062	0.51785	0.51967	0.42661	17.45338	76.1	32.63	16.32	703
300	655.09451	125.9124	325.19277	0.15987	0.33089	0.49076	0.49295	0.4078	17.79794	77	32.86	16.43	703
300	657.86493	130.32269	335.71316	0.16495	0.3354	0.50036	0.50323	0.41466	17.89824	77.2	32.91	16.46	704
300	693.66268	130.54373	308.4974	0.16248	0.31776	0.48024	0.46622	0.3876	17.17638	75.2	32.7	16.35	699
300	786.04964	143.00531	402.62725	0.15242	0.3358	0.48822	0.49264	0.40973	13.23264	65.3	32.42	16.21	625
300	804.87988	135.18608	376.30952	0.14351	0.31848	0.46199	0.46239	0.38856	10.2792	56.4	32.18	16.09	566
300	734.32499	143.47742	372.20379	0.1627	0.3358	0.49849	0.49982	0.41254	10.23438	58.8	31.71	15.85	549
300	919.80206	167.55036	389.55769	0.15438	0.29524	0.44962	0.45161	0.37721	16.57824	74	32.24	16.12	695
300	1185.16878	213.22861	469.84478	0.15248	0.28288	0.43537	0.43637	0.36562	17.18424	75.4	32.5	16.25	701
300	1384.5508	256.58151	531.74981	0.15636	0.2777	0.43406	0.43383	0.3628	16.85596	74.8	32.26	16.13	698
300	1494.83197	278.5523	640.19651	0.15564	0.30045	0.45609	0.45693	0.38066	16.85596	74.5	32.41	16.21	698
300	1450.17478	243.43653	563.18686	0.14304	0.27778	0.42082	0.42346	0.35742	17.09316	75	32.65	16.32	698
300	1350.93495	250.62885	520.88624	0.15637	0.27729	0.43366	0.43477	0.3635	17.0636	75.4	32.51	16.26	696
300	1269.29012	239.08257	535.31582	0.15805	0.29666	0.45471	0.45514	0.37892	17.07036	74.9	32.69	16.35	697
300	1084.91617	190.50871	448.54121	0.14925	0.29339	0.44264	0.44187	0.37069	17.10342	74.7	32.78	16.39	699
300	907.83094	175.84487	409.06406	0.16182	0.31062	0.47244	0.47289	0.39184	17.29152	75.8	32.69	16.34	698
300	791.55494	151.33142	341.5158	0.16167	0.30203	0.46371	0.46191	0.38372	17.157	75.6	32.61	16.31	696
300	610.37316	115.09954	275.19287	0.15721	0.30983	0.46703	0.46941	0.39003	17.1171	75.1	32.56	16.28	701
300	635.30536	127.74046	314.31738	0.16579	0.32982	0.49561	0.4984	0.41031	16.53062	72.4	32.66	16.33	699
300	708.54604	128.35968	309.46194	0.16265	0.30864	0.47129	0.45736	0.38192	15.0579	67.1	32.62	16.31	688
300	873.16376	155.95364	404.41578	0.15053	0.31416	0.46469	0.46809	0.3909	17.32594	76.2	32.49	16.24	700
300	1078.67953	192.91798	502.13723	0.15093	0.31751	0.46844	0.46936	0.39186	17.19004	75.2	32.77	16.38	698
300	1022.35636	186.84231	452.75383	0.15407	0.30674	0.46082	0.46145	0.38485	16.18914	71.4	32.78	16.39	692
300	903.20801	169.87588	416.45862	0.15716	0.31462	0.47178	0.47388	0.39363	17.45104	76.4	32.76	16.38	697
300	846.63252	153.24467	369.29144	0.15289	0.30218	0.45507	0.45698	0.38164	16.85824	75.4	32.63	16.31	685
300	812.88875	146.52245	360.85918	0.152	0.30541	0.45741	0.46016	0.3843	13.98696	65.1	32.43	16.21	663
300	816.00225	156.99331	391.46406	0.16091	0.32338	0.48429	0.48555	0.40196	15.42112	73.4	32.1	16.05	654
300	567.50486	104.06353	254.25433	0.16687	0.32347	0.49034	0.46436	0.38703	17.00048	74.5	32.86	16.43	695
300	631.22294	119.8705	275.23079	0.15926	0.30103	0.46029	0.46323	0.38497	16.82348	73.4	32.7	16.35	701
300	622.45525	121.1151	301.57777	0.16185	0.324	0.48585	0.48925	0.40443	17.08564	75.3	32.32	16.16	702
300	632.22132	129.97176	305.53971	0.17024	0.32433	0.49456	0.49634	0.40788	17.07342	75.1	32.43	16.22	701
300	608.82117	113.50178	274.12418	0.15661	0.30832	0.46493	0.4676	0.38901	17.47462	76.2	32.68	16.34	702
300	606.22069	125.06675	290.80252	0.16824	0.32176	0.48999	0.49521	0.40688	16.83552	74.2	32.51	16.25	698
300	633.82923	121.79687	290.25076	0.15976	0.30977	0.46953	0.47528	0.39397	17.1171	74.6	32.76	16.38	701
300	669.341	137.53174	338.77914	0.1692	0.33426	0.50346	0.5065	0.41576	17.43972	75.3	33.02	16.51	701
300	644.58424	106.35682	287.87912	0.14136	0.30816	0.44952	0.45036	0.3795	16.50768	72.1	32.89	16.44	696
300	590.20136	123.20601	271.94347	0.17161	0.31305	0.48466	0.48813	0.40102	11.25504	52.1	32.73	16.36	661
300	854.27483	159.71518	415.44053	0.15712	0.32726	0.48438	0.4847	0.40237	17.08876	74.6	32.66	16.33	701
300	832.36148	149.25293	362.64647	0.15211	0.30297	0.45508	0.45552	0.3808	16.70172	72.8	32.61	16.31	704
300	832.20564	145.95569	398.95188	0.14816	0.32285	0.47101	0.47326	0.39569	16.81736	73.2	32.74	16.37	702
300	841.10683	153.72994	405.88999	0.15381	0.3221	0.47591	0.48002	0.39952	13.882	61.7	32.51	16.26	692
300	831.52461	156.33475	405.28583	0.15738	0.32658	0.48396	0.48594	0.40313	16.40916	71.9	32.72	16.36	698
300	816.33165	144.57828	388.48569	0.15002	0.32118	0.4712	0.4729	0.39504	17.35128	76.1	32.54	16.27	700
300	767.8178	142.40943	372.35635	0.15554	0.32527	0.48081	0.48303	0.40135	17.42668	76.3	32.68	16.34	699
300	705.2664	136.18432	308.33885	0.16092	0.30236	0.46328	0.46604	0.38661	15.10656	66.6	32.79	16.4	692
300	703.21574	126.98939	322.088	0.14395	0.30098	0.44492	0.4671	0.38972	14.0452	64.2	32.58	16.29	671
300	799.77031	133.09838	362.52278	0.14153	0.30883	0.45036	0.45458	0.3826	10.85952	59.3	31.7	15.85	577
300	506.88229	97.69749	253.79198	0.15972	0.33115	0.49087	0.49524	0.40948	16.73504	75.5	32.35	16.18	685
300	534.1825	102.63344	228.30567	0.1634	0.30724	0.47065	0.46059	0.38253	16.21536	71.4	32.84	16.42	692
300	613.16488	116.15705	254.91521	0.15513	0.29348	0.44861	0.45292	0.37702	16.98728	74.8	32.71	16.35	694
300	675.90916	129.68333	320.98823	0.16067	0.31998	0.48065	0.48297	0.40003	13.37256	60.7	32.36	16.18	681
300	700.10525	130.39797	359.75235	0.15472	0.33933	0.49404	0.49645	0.4118	17.43686	76.6	32.72	16.36	695
300	660.49032	109.69268	264.47578	0.14033	0.28408	0.42441	0.42835	0.36163	17.10798	76.1	32.51	16.25	691
300	640.31213	110.46901	322.81519	0.14635	0.33216	0.47852	0.48231	0.40358	14.41476	65.1	32.62	16.31	679
300	633.61733	119.89044	285.66396	0.15159	0.29328	0.44487	0.46986	0.39027	15.9828	71	32.79	16.4	687
300	597.32418	124.03821	295.32605	0.17105	0.3252	0.49625	0.50279	0.41248	17.20602	75.5	32.95	16.47	692
300	558.4993	94.93132	251.23797	0.14325	0.3081	0.45134	0.45555	0.38265	17.1622	75.8	32.77	16.38	691
300	569.67492	107.89241	259.72388	0.15661	0.31091	0.46751	0.47238	0.39221	16.74888	73.8	32.59	16.3	696
300	641.99057	123.5551	313.21481	0.16035	0.32401	0.48436	0.4893	0.40488	17.3884	75.7	32.59	16.3	705
300	705.03637	134.78845	315.24821	0.15921	0.30522	0.46443	0.46948	0.38962	16.61584	73.2	32.4	16.2	701
300	760.65703	148.85066	343.08594	0.16205	0.30836	0.4704	0.4745	0.39273	17.13832	75.4	32.42	16.21	701
300	780.41124	131.88183	343.04155	0.14346	0.30408	0.44754	0.44991	0.37832	17.21788	75.9	32.39	16.19	700
300	796.76165	148.07773	399.38079	0.15601	0.33284	0.48885	0.49061	0.40727	17.08564	75.8	32.23	16.11	699
300	737.3961	128.81513	314.5703	0.14763	0.29853	0.44615	0.44774	0.3755	16.5938	73.9	32.38	16.19	693
300	696.53132	124.61189	368.04012	0.1508	0.34501	0.49581	0.49747	0.41428	13.94848	66.6	32.09	16.04	653
300	674.55201	125.17224	323.51767	0.15588	0.32259	0.47847	0.48066	0.39946	12.90056	66.4	31.51	15.75	616
300	603.08188	128.74593	311.54049	0.17531	0.34041	0.51571	0.51655	0.42199	13.427	67.7	31.67	15.84	627
300	701.48827	132.58988	341.4135	0.15847	0.32415	0.48262	0.48633	0.40324	16.48304	75.4	31.85	15.92	687
300	770.63947	131.7783	347.11637	0.14433	0.30836	0.45269	0.45658	0.38326	15.75056	70.6	32.17	16.09	694
300	815.80794	126.22727	377.63363	0.13246	0.31445	0.44691	0.45042	0.38181	17.24136	76.4	32.26	16.13	699
300	875.09982	172.41913	386.20808	0.16359	0.30488	0.46847	0.47079	0.38963	15.85136	71.5	32.08	16.04	691
300	852.83038	129.30739	371.69343	0.13072	0.30259	0.43331	0.4352	0.37006	17.25152	77.1	32.09	16.05	697
300	825.04259	159.38283	387.56497	0.16137	0.31902	0.48039	0.48152	0.39865	17.15012	76.9	32.06	16.03	696
300	770.93635	132.6078	367.3992	0.14594	0.32208	0.46801	0.46952	0.39341	15.048	68.6	32.02	16.01	685
300	750.85283	163.91816	365.20258	0.17748	0.32467	0.50215	0.50642	0.41338	15.6552	72.1	31.87	15.93	682
300	673.53397	126.81958	328.69475	0.15616	0.32514	0.4813	0.48642	0.40345	12.6	61.1	31.84	15.92	647
300	597.84423	113.18696	314.93813	0.15846	0.34387	0.50233	0.50422	0.41729	15.09652	69.5	32.17	16.08	675
490	3873.69112	687.47559	1604.55067	0.15074	0.29296	0.4437	0.44362	0.37174	14.93858	67	32.1	16.05	695
490	3107.44574	563.63437	1222.79582	0.15361	0.282	0.43561	0.43592	0.36503	15.84486	70.4	32.32	16.16	697
490	2750.30654	479.71043	1097.43298	0.14853	0.28466	0.43318	0.43373	0.36445	15.52544	69.8	32.02	16.01	694
490	2875.24121	536.30605	1096.65778	0.15697	0.27568	0.43265	0.43331	0.36222	13.91728	63.1	31.85	15.93	692
490	2924.88047	527.07355	1157.1367	0.15249	0.28288	0.43537	0.43616	0.36541	13.51806	62.9	31.7	15.85	678
490	2931.84353	528.19454	1201.44881	0.1524	0.29057	0.44298	0.44333	0.37105	15.78528	71.4	32.09	16.05	689
490	3072.88145	559.29985	1219.40334	0.15404	0.28409	0.43813	0.43808	0.36662	16.10136	71.7	32.43	16.21	692
490	2956.87035	545.76526	1231.09284	0.15568	0.29374	0.44943	0.44978	0.37536	16.33164	73.1	32.27	16.13	693
490	2850.44861	545.68854	1144.56831	0.16057	0.28653	0.4471	0.44718	0.37225	16.15416	72.6	32.14	16.07	692
490	2644.66279	481.54407	1102.21936	0.15377	0.2938	0.44757	0.4482	0.37455	16.55668	73.4	32.56	16.28	692
490	4237.86276	724.5224	1968.68038	0.14594	0.31724	0.46318	0.4632	0.38857	2.56904	23.5	30.73	15.37	356
490	3604.96305	621.89213	1612.56819	0.14712	0.30992	0.45704	0.4562	0.38265	13.34928	61.5	31.72	15.86	685
490	3281.67314	583.34332	1519.36172	0.15101	0.31697	0.46798	0.46739	0.39052	14.26596	64.9	31.9	15.95	689
490	3174.9651	523.48662	1447.71276	0.14178	0.31416	0.45594	0.45472	0.38304	14.82456	67.5	31.85	15.93	690
490	3269.37247	571.61538	1481.471	0.14873	0.31264	0.46138	0.46065	0.38574	15.47664	70.6	31.74	15.87	691
490	3542.04909	610.58684	1580.3853	0.14703	0.30907	0.45611	0.45556	0.38217	15.52428	70.5	31.9	15.95	690
490	4046.09431	691.15468	1815.76093	0.14574	0.30956	0.4553	0.45566	0.38256	15.47904	70.3	31.93	15.96	690
490	4533.78766	791.32909	2000.30599	0.14862	0.3064	0.45502	0.45474	0.38109	15.50742	69.9	32.12	16.06	691
490	4724.87756	792.50271	2012.81538	0.14361	0.29879	0.44241	0.44238	0.37254	15.62984	71	31.85	15.93	691
490	4537.82616	765.24006	1919.30421	0.14431	0.29722	0.44153	0.44154	0.3717	12.95214	60.7	31.6	15.8	675
490	4670.46844	783.85612	2038.73699	0.14358	0.30373	0.4473	0.44758	0.37669	16.45692	73.2	32.41	16.21	694
490	4692.47488	788.79686	1960.38335	0.14391	0.29456	0.43847	0.43858	0.36943	16.32936	72.1	32.57	16.28	695
490	4480.60456	787.38758	1970.28558	0.14934	0.30535	0.45469	0.45489	0.38098	16.09268	71.9	32.24	16.12	694
490	4159.28216	697.95628	1840.16625	0.14363	0.30654	0.45018	0.45042	0.37897	15.76278	70.3	32.43	16.21	692
490	4388.70439	744.43298	1948.53337	0.14486	0.30729	0.45215	0.4525	0.38027	15.162	67.9	32.45	16.22	688
490	4592.14606	783.7268	2025.95998	0.14574	0.30607	0.45181	0.45191	0.37959	15.97026	71.7	32.25	16.12	691
490	4837.1505	820.93137	2111.16128	0.14507	0.3038	0.44887	0.44893	0.3774	16.15996	72.6	32.26	16.13	690
490	4859.02484	814.52084	2052.73448	0.14356	0.29699	0.44055	0.44056	0.3711	16.23884	72.5	32.4	16.2	691
490	4743.44723	804.77556	2108.93331	0.14508	0.30756	0.45264	0.45282	0.38052	7.6272	37.9	32.03	16.01	628
490	4377.61206	733.88574	1853.82321	0.14355	0.29744	0.44099	0.44107	0.37151	16.8258	74.7	32.5	16.25	693
490	3489.78908	599.86503	1629.45677	0.01107	0.57088	0.58194	0.46498	0.3898	15.07072	69.2	31.68	15.84	687
490	2396.61503	441.58135	1152.96037	1.03679	0.35495	1.39173	0.4804	0.39952	14.62848	66.8	31.86	15.93	687
490	1900.59189	359.79566	935.44326	0.16055	0.33062	0.49117	0.48902	0.40529	14.3754	65.5	31.98	15.99	687
490	1948.35035	343.59532	948.37966	0.1493	0.327	0.4763	0.47731	0.39872	13.85104	63.5	31.92	15.96	683
490	2468.79304	464.78478	1218.02278	0.15842	0.33106	0.48948	0.48881	0.40534	14.0448	64.1	32.04	16.02	684
490	3057.58558	575.40543	1379.21111	0.15859	0.31011	0.4687	0.46924	0.38997	13.88016	63.4	32.14	16.07	682
490	3941.71519	689.78208	1749.14467	0.14915	0.30745	0.4566	0.45629	0.38224	14.59086	66.4	32.1	16.05	685
490	4672.67711	824.91751	2020.41774	0.14959	0.30134	0.45093	0.45192	0.37847	14.12096	64.8	31.91	15.95	683
490	4710.72082	834.67334	2063.77126	0.15038	0.30426	0.45464	0.45516	0.38091	14.84448	67.5	32.14	16.07	684
490	4371.59424	765.52231	1890.1854	0.14895	0.30153	0.45048	0.45088	0.37791	15.35856	70.2	31.92	15.96	685
490	4734.2982	818.27774	2008.81297	0.14734	0.29791	0.44525	0.44527	0.37389	15.14576	67.6	32.47	16.23	690
490	4672.14437	822.95167	2058.39448	0.14966	0.3057	0.45536	0.45559	0.38146	14.4153	64.7	32.35	16.18	689
490	4549.43434	813.0713	2060.35052	0.15167	0.31174	0.46341	0.46333	0.3871	14.09184	64	32.12	16.06	686
490	4162.51644	715.36857	1870.30749	0.14664	0.30973	0.45637	0.45668	0.38317	13.35824	60.7	32.31	16.15	681
490	3900.62718	691.97106	1773.33188	0.15047	0.31256	0.46303	0.46321	0.38727	14.3526	65.2	32.14	16.07	685
490	3740.05698	622.22162	1725.74138	0.1458	0.33684	0.48264	0.45837	0.38567	14.4155	66	32.24	16.12	678
490	4093.7632	712.46795	1859.59173	0.13134	0.45719	0.58854	0.4606	0.38586	14.76832	66.9	32.23	16.12	685
490	4488.18681	779.23652	2037.03039	0.14843	0.32917	0.4776	0.46011	0.38555	9.14784	46.4	32.21	16.11	611
490	4738.95989	830.45023	2063.69514	0.14911	0.30334	0.45245	0.45248	0.37916	14.30128	65.4	31.98	15.99	683
490	4805.34178	846.0179	2137.05551	0.14969	0.30776	0.45745	0.45753	0.38301	15.70576	70.8	32.34	16.17	686
490	3466.5017	641.77012	1457.60763	0.15613	0.29536	0.45149	0.45223	0.37719	16.0284	70.9	32.77	16.39	690
490	4213.93299	738.04804	1851.93908	0.14918	0.30528	0.45446	0.45435	0.38066	16.36992	72.8	32.71	16.36	688
490	4412.67692	784.50204	2000.78554	0.15089	0.31184	0.46273	0.46291	0.38695	16.48896	73.8	32.44	16.22	689
490	4031.2694	688.74323	1790.78789	0.14588	0.30726	0.45314	0.45351	0.38083	16.36544	74	32.2	16.1	687
490	4133.93921	729.49542	1877.6789	0.15004	0.31235	0.46239	0.46234	0.38676	16.21088	72.8	32.46	16.23	686
490	4432.1482	772.92333	1941.74033	0.14835	0.30435	0.4527	0.45313	0.37984	15.99648	71.3	32.71	16.35	686
490	4277.74903	763.00246	1800.78045	0.15137	0.29617	0.44754	0.44762	0.37474	16.23072	72.1	32.75	16.37	687
490	3906.96181	714.89197	1658.069	0.15462	0.29769	0.45231	0.45262	0.37786	15.0843	67.7	32.67	16.34	682
490	3541.92993	656.835	1470.86664	0.15638	0.29318	0.44956	0.44986	0.37528	15.26224	68.1	32.91	16.46	681
490	3032.35902	566.31284	1261.82171	0.15712	0.29338	0.4505	0.45121	0.37612	15.82784	70.8	32.74	16.37	683
490	4556.61893	822.04676	2012.872	0.15255	0.30622	0.45876	0.45923	0.38354	15.42352	69	32.36	16.18	691
490	4576.25569	800.01801	2045.6766	0.1488	0.30867	0.45746	0.45773	0.38342	15.1107	67.4	32.48	16.24	691
490	4575.1878	814.67894	1983.43764	0.15113	0.30234	0.45347	0.45357	0.37949	15.04608	67.9	32.26	16.13	687
490	4543.78599	778.02746	2016.22526	0.14612	0.30719	0.45331	0.45355	0.38079	15.5667	69.8	32.38	16.19	688
490	4490.54254	786.45071	1971.95916	0.14897	0.30498	0.45395	0.45417	0.38053	14.84448	66.9	32.39	16.19	685
490	4498.53068	803.53309	2012.23194	0.15151	0.3088	0.46031	0.46061	0.38497	14.65356	66.1	32.42	16.21	684
490	4543.52648	807.18523	1973.2603	0.15078	0.30241	0.45319	0.45365	0.37964	14.8599	66.4	32.66	16.33	685
490	4495.02114	799.35749	1958.88393	0.15084	0.30321	0.45405	0.4545	0.38028	14.58402	65.6	32.51	16.26	684
490	4499.67907	782.82565	1978.1797	0.14801	0.30526	0.45326	0.45357	0.38027	5.0328	27.2	32.16	16.08	576
490	4567.34623	817.13784	1952.98129	0.1517	0.29914	0.45085	0.45128	0.37753	14.89638	66.9	32.54	16.27	684
490	4075.19769	717.63495	1757.88849	0.14962	0.30152	0.45114	0.4511	0.3779	15.41568	69.3	32.43	16.21	686
490	3529.37404	632.75998	1488.38056	0.15204	0.29636	0.4484	0.44865	0.37539	16.81304	75.1	32.4	16.2	691
490	3645.92397	668.99537	1470.28226	0.15493	0.28709	0.44202	0.44242	0.36978	16.56192	74.5	32.25	16.12	690
490	4156.87461	738.43388	1809.68381	0.15057	0.30303	0.4536	0.45415	0.38003	16.67964	75.5	32.04	16.02	689
490	4248.61389	747.16908	1969.91976	0.14953	0.31665	0.46619	0.46634	0.39007	16.10592	72.5	32.31	16.15	687
490	4249.28003	736.38727	1871.96571	0.14753	0.30557	0.4531	0.45352	0.38036	16.33628	73.7	32.25	16.12	688
490	4318.15271	760.19739	1885.85817	0.14942	0.30385	0.45327	0.45367	0.37995	16.20852	72.6	32.46	16.23	688
490	3932.69118	696.14113	1664.44475	0.15029	0.29681	0.4471	0.44777	0.3751	15.56352	69.6	32.68	16.34	685
490	3471.55712	629.84951	1481.04916	0.15342	0.29872	0.45214	0.45261	0.37813	16.0776	71.5	32.74	16.37	686
490	3225.28753	596.91861	1316.08239	0.15595	0.28963	0.44558	0.44597	0.3723	16.15376	72.2	32.53	16.26	687
490	4113.61804	758.15885	1752.53567	0.15556	0.2988	0.45435	0.45438	0.37901	16.52202	73.2	32.68	16.34	691
490	4188.9197	749.8351	1774.84006	0.15169	0.29726	0.44896	0.44943	0.37605	16.5186	73.3	32.62	16.31	691
490	4296.66129	771.80722	1803.60482	0.15223	0.29571	0.44794	0.44794	0.37476	16.57674	73.9	32.54	16.27	689
490	4203.78793	751.83455	1801.05079	0.15166	0.29956	0.45121	0.45165	0.37783	16.47984	73.5	32.54	16.27	689
490	4190.82889	750.66401	1802.42085	0.15192	0.30069	0.45261	0.45265	0.37858	16.4662	73.8	32.43	16.21	688
490	4056.90994	727.98042	1795.64892	0.15202	0.30648	0.4585	0.45896	0.3835	16.48592	74.3	32.17	16.08	690
490	3592.74484	646.32098	1527.10265	0.15243	0.29812	0.45055	0.45074	0.37693	16.72952	75.2	32.19	16.1	691
490	3038.36241	554.28428	1227.17671	0.15418	0.28754	0.44173	0.44198	0.36961	15.91744	72.2	32.09	16.05	687
490	2742.23363	525.39576	1167.44019	0.16067	0.29815	0.45882	0.45939	0.38169	16.92444	75.4	32.46	16.23	691
490	2779.52452	548.85324	1159.64714	0.16475	0.29387	0.45863	0.45929	0.38068	16.56534	73.7	32.48	16.24	692
490	3327.96385	599.18176	1551.59842	0.15288	0.31845	0.47133	0.47055	0.39257	15.99808	73.6	31.78	15.89	684
490	4458.29616	756.22162	2001.77251	0.1445	0.31965	0.46415	0.45489	0.38219	15.92808	72.9	31.8	15.9	687
490	3868.46399	675.74822	1679.38062	0.14896	0.30256	0.45153	0.45141	0.37842	15.59634	71	32	16	686
490	3287.90196	589.65445	1365.09614	0.16735	0.31027	0.47762	0.44545	0.37286	15.05168	68.9	31.92	15.96	684
490	3198.2272	616.49566	1340.46332	0.16192	0.29486	0.45679	0.45695	0.37961	15.3444	70	31.98	15.99	686
490	3467.83731	636.92208	1471.39309	0.15515	0.29753	0.45268	0.45307	0.37809	14.9457	69.3	31.97	15.98	675
490	4159.8353	754.64395	1808.54994	0.15361	0.30261	0.45622	0.45658	0.38126	14.45796	67.6	31.93	15.96	670
490	4388.42916	810.2129	1954.05686	0.15574	0.30802	0.46376	0.46394	0.38647	15.3076	70.5	31.9	15.95	680
490	4369.15097	804.26638	1933.3708	0.15531	0.30663	0.46194	0.46222	0.38521	15.10656	69.7	31.87	15.93	680
490	4358.01982	799.72229	1923.89775	0.15497	0.30608	0.46104	0.46131	0.3846	15.38096	71.5	31.71	15.85	678
490	-1	-1	-1	0.21728	0.38083	0.59811	-1	-1	16.46844	74.6	32.09	16.05	688
490	-1	-1	-1	0.18148	0.35845	0.53993	-1	-1	16.80702	76.6	31.77	15.88	691
490	2140.51728	407.86604	1033.80398	0.16159	0.32493	0.48652	0.48573	0.40246	16.45704	75.8	31.41	15.71	691
490	4160.91902	748.77675	1855.0558	0.15241	0.3083	0.46071	0.46086	0.38491	13.02316	64	30.19	15.09	675
490	3575.23665	651.15507	1555.28642	0.15406	0.30292	0.45698	0.45721	0.38163	10.998	56.1	29.93	14.96	655
490	3692.85904	668.29127	1606.44134	0.15303	0.30291	0.45594	0.45638	0.38118	13.6565	64.9	31.02	15.51	679
490	4081.98487	739.82238	1731.44583	0.1533	0.29741	0.45071	0.45127	0.37711	15.82776	71.9	32.05	16.03	687
490	4461.22889	769.41187	1967.70619	0.14138	0.2947	0.43607	0.45317	0.38024	15.78444	70.8	32.53	16.27	686
490	4736.84564	830.08783	2144.17074	0.14905	0.31168	0.46073	0.46072	0.38571	8.26816	55.7	32.43	16.22	458
490	4902.2934	853.06106	2170.29207	0.14826	0.30684	0.4551	0.45508	0.38146	14.2362	64.3	32.52	16.26	681
490	4695.66206	855.53405	2053.38657	0.15407	0.30424	0.45831	0.45837	0.38252	16.82812	74.6	32.57	16.29	692
490	4314.04452	792.95196	1980.23851	0.15526	0.31449	0.46975	0.46988	0.39129	15.9558	71.7	32.23	16.12	690
490	4164.43138	740.65773	1844.53244	0.15086	0.30686	0.45771	0.45796	0.38301	16.356	73.5	32.27	16.14	690
490	4423.04264	805.74414	1945.14559	0.15412	0.30538	0.4595	0.45954	0.38346	16.5471	74.3	32.35	16.17	689
490	4351.32283	758.44016	1907.00769	0.14978	0.31315	0.46294	0.45314	0.37987	15.42078	69.6	32.33	16.16	685
490	4305.25311	775.44003	1868.83084	0.15262	0.30246	0.45507	0.45531	0.3805	16.36014	74.4	31.92	15.96	689
490	4157.90622	724.22863	1789.46715	0.14836	0.30075	0.44911	0.44923	0.37678	15.64144	70.9	31.99	15.99	689
490	4144.8064	740.80939	1757.04266	0.15146	0.29757	0.44903	0.44934	0.37603	16.5184	74.5	32.01	16	693
490	4224.88009	758.01867	1850.64088	0.1521	0.30443	0.45654	0.45673	0.38174	15.86196	71.8	32.12	16.06	688
490	4296.13321	764.35764	1887.93768	0.15103	0.30534	0.45637	0.45633	0.38171	15.67888	71.5	32.05	16.03	684
490	1914.15921	362.55536	918.09924	0.1592	0.32494	0.48414	0.4834	0.40085	16.18116	73.2	32.27	16.13	685
490	2524.583	448.64284	1168.95526	0.15156	0.3171	0.46866	0.46738	0.39052	15.9936	72.6	32.13	16.07	685
490	3770.01339	667.95301	1682.80015	0.15061	0.30889	0.4595	0.45912	0.38406	15.8081	72.1	32.05	16.02	684
490	4379.71036	796.59781	1910.18798	0.15385	0.30352	0.45737	0.45758	0.38196	15.89392	72.1	32.11	16.05	686
490	4039.71089	726.43754	1733.32579	0.1524	0.30008	0.45248	0.45266	0.37846	10.79064	55.2	31.7	15.85	617
490	4093.6825	736.28277	1779.19454	0.15234	0.30284	0.45518	0.45539	0.3806	15.87264	72.2	31.98	15.99	688
490	4387.72543	778.52741	1932.68469	0.15062	0.30548	0.4561	0.45648	0.38192	15.62848	71.5	31.9	15.95	685
490	4498.6335	785.07986	1989.58317	0.14836	0.30664	0.45501	0.45523	0.38149	15.49716	70.2	32.34	16.17	683
490	4560.15395	801.71458	2015.16388	0.14915	0.30615	0.45529	0.456	0.38184	9.60548	47.8	32.02	16.01	627
490	4401.78968	789.95756	1916.89603	0.15239	0.30353	0.45592	0.45553	0.38078	15.5342	71	32.19	16.09	680
490	3542.09521	661.96245	1476.80573	0.15742	0.29424	0.45166	0.45171	0.37649	16.77396	73.9	32.56	16.28	697
490	3582.95881	634.81576	1463.74706	0.15055	0.28967	0.44022	0.44055	0.36937	16.9418	74.6	32.55	16.28	697
490	3670.38633	638.18106	1534.99503	0.14809	0.29471	0.4428	0.44301	0.37189	15.94746	70.9	32.45	16.23	693
490	3795.22858	688.10369	1599.60543	0.15353	0.29619	0.44972	0.44999	0.37609	16.2748	72.4	32.42	16.21	693
490	3805.13458	711.41469	1597.93698	0.15735	0.29574	0.45309	0.45326	0.37769	16.23246	72.4	32.38	16.19	693
490	3926.50584	735.12936	1677.63125	0.15739	0.29924	0.45663	0.45705	0.38061	16.73764	74.4	32.43	16.21	694
490	4149.62645	731.12735	1777.43365	0.14976	0.29974	0.4495	0.44968	0.37676	16.78752	74.9	32.28	16.14	694
490	4072.80676	742.64613	1803.69519	0.15412	0.30679	0.46091	0.46115	0.38469	16.7295	74.6	32.25	16.13	695
490	3783.15679	708.37509	1608.21151	0.15743	0.29774	0.45517	0.45601	0.37978	16.76142	75.1	32.11	16.05	695
490	3269.32532	628.75173	1375.79783	0.17648	0.37212	0.54861	0.45748	0.38009	14.4265	65.3	32.23	16.12	685
490	4936.12634	886.66616	2239.53886	0.15224	0.31212	0.46436	0.46438	0.38775	15.28576	69.2	32.2	16.1	686
490	4333.34127	802.4038	2018.74245	0.15621	0.31779	0.47399	0.47405	0.39432	15.02406	67.8	32.33	16.17	686
490	3471.533	631.04596	1702.72264	0.15381	0.32906	0.48287	0.48289	0.40201	14.0063	64.1	32.12	16.06	680
490	2849.21731	529.80728	1360.0352	0.15619	0.32268	0.47887	0.4799	0.39878	14.0008	63.8	32.31	16.16	680
490	2819.69005	524.99159	1294.14197	0.15692	0.31425	0.47117	0.47155	0.39215	14.3136	65.7	32.05	16.02	680
490	3300.45067	619.75714	1579.42866	0.15801	0.32362	0.48164	0.48175	0.39988	13.6808	64	31.56	15.78	677
490	4011.95782	743.33848	1837.0795	0.15617	0.31382	0.46998	0.4704	0.39142	14.1647	65.4	31.93	15.97	678
490	4492.15244	797.25224	2055.90808	0.15066	0.31396	0.46463	0.4647	0.38843	14.6806	67.5	31.99	16	680
490	4826.36902	868.49977	2200.29403	0.15243	0.31311	0.46554	0.46564	0.38869	14.85568	68.7	31.78	15.89	680
490	4804.1061	866.98243	2147.07012	0.15275	0.30872	0.46147	0.46176	0.38552	15.90736	72.3	32.19	16.1	683
520	3246.96655	542.26881	1404.88497	0.14321	0.30182	0.44503	0.44511	0.37488	14.32716	63.7	32.19	16.1	699
520	3935.38368	656.47132	1717.39472	0.14278	0.30252	0.44529	0.44678	0.37625	15.63972	68.7	32.3	16.15	704
520	4420.92854	696.02361	1882.62395	0.13607	0.2984	0.43447	0.43468	0.3684	14.96864	66.4	32.15	16.08	701
520	4494.13658	703.89149	1884.27477	0.1354	0.29543	0.43083	0.43083	0.36544	15.39546	68.2	32.28	16.14	700
520	4526.5719	738.98637	1923.06642	0.14026	0.29772	0.43798	0.43851	0.37031	15.4226	68.3	32.29	16.14	699
520	4454.63787	714.5154	1917.20113	0.13814	0.30046	0.4386	0.43911	0.37138	15.50108	68.8	32.26	16.13	699
520	4423.11547	699.94365	1869.42934	0.13657	0.29702	0.43359	0.43371	0.36745	15.5556	69.1	32.18	16.09	699
520	4164.15216	673.2868	1811.2625	0.13833	0.32471	0.46305	0.4423	0.37369	4.4436	25.9	31.21	15.61	550
520	3477.04788	591.684	1436.45761	0.14434	0.30495	0.4493	0.43777	0.36841	16.107	71.6	32.09	16.05	701
520	2798.64406	483.0099	1132.84894	0.14686	0.28759	0.43445	0.43533	0.36603	16.74	74.3	32.08	16.04	702
520	3152.76393	510.84283	1307.4107	0.13931	0.29284	0.43215	0.43257	0.36577	16.04208	72.2	31.83	15.92	698
520	3897.04129	605.0703	1706.94367	0.13497	0.30334	0.43831	0.43899	0.37236	13.6884	62.9	31.76	15.88	685
520	4678.68746	744.83383	2190.11111	0.13719	0.31819	0.45538	0.45618	0.38549	14.71792	67.4	31.62	15.81	691
520	3267.08008	434.3876	1659.15378	0.11753	0.33475	0.45228	0.45416	0.39054	15.53936	72.1	31.08	15.54	694
520	2275.95343	323.79103	1092.08727	0.12502	0.33646	0.46147	0.4488	0.38352	15.9152	73.3	31.25	15.62	694
520	2579.17656	403.99145	1199.44151	0.13642	0.32674	0.46316	0.45285	0.38336	15.863	72.5	31.55	15.78	693
520	3103.77878	483.2379	1408.54979	0.12511	0.35734	0.48245	0.44687	0.37869	15.2532	69.7	31.65	15.82	691
520	4190.54077	631.29428	1966.32404	0.13127	0.31966	0.45093	0.4503	0.38267	15.66464	72	31.42	15.71	693
520	4827.67505	745.68434	2025.84176	0.13371	0.29522	0.42892	0.42939	0.36471	16.00218	72	32.03	16.01	694
520	3912.79328	623.73191	1659.44845	0.13728	0.29604	0.43332	0.4353	0.36849	14.58972	66.8	31.49	15.74	693
520	3337.45456	548.51016	1404.04691	0.14088	0.33808	0.47897	0.43727	0.3691	15.8238	70.1	32.22	16.11	701
520	3621.06508	626.9378	1447.5232	0.14752	0.28535	0.43286	0.43317	0.36423	14.6392	65.4	32.23	16.11	695
520	3927.36362	651.04022	1543.01444	0.14221	0.28192	0.42412	0.42427	0.35842	14.97444	67	32.13	16.07	696
520	4155.59534	703.19558	1706.95115	0.14449	0.29074	0.43523	0.43589	0.36708	14.67294	66.3	31.93	15.97	693
520	4155.32177	697.90113	1685.31461	0.14341	0.28841	0.43182	0.43235	0.36449	14.42924	65.1	32.09	16.05	691
520	4179.90917	700.82269	1707.84199	0.14334	0.28996	0.4333	0.43366	0.36558	14.34456	64.6	32.13	16.06	691
520	4219.00468	677.76016	1645.36564	0.13827	0.28017	0.41844	0.41898	0.3551	14.95794	66.9	32.29	16.15	692
520	4268.49359	686.05115	1743.60206	0.13799	0.2901	0.42809	0.42848	0.36274	14.74932	65.7	32.43	16.21	692
520	4105.63116	666.2511	1640.27653	0.13965	0.28487	0.42452	0.42509	0.35971	13.52592	61.5	32.09	16.05	685
520	3763.4622	634.33012	1506.57607	0.14439	0.28548	0.42986	0.43011	0.3626	15.93492	71.1	32.25	16.12	695
520	5051.33542	820.69025	2189.6355	0.13991	0.30208	0.44198	0.44216	0.37341	15.34098	68.6	32.13	16.07	696
520	4858.84749	803.72823	2088.24733	0.14196	0.30038	0.44233	0.44253	0.37312	14.45128	65.2	31.96	15.98	694
520	4431.9958	706.39257	1977.04761	0.13743	0.30831	0.44574	0.44595	0.37713	14.60208	65.7	31.99	16	695
520	3470.5083	597.12487	1602.24847	0.14541	0.31618	0.46159	0.46265	0.3879	15.25516	68.5	32.01	16.01	696
520	2579.37928	431.05295	1251.84343	0.1402	0.33547	0.47566	0.46993	0.39484	6.034	33.3	31.96	15.98	567
520	2404.44614	404.76944	1139.30473	0.14248	0.33026	0.47274	0.46558	0.39105	15.21456	68.3	32.11	16.05	694
520	2686.68352	435.05401	1161.10116	0.13035	0.37327	0.50362	0.44112	0.37269	15.0936	68.2	31.98	15.99	692
520	3417.84689	546.81865	1503.82123	0.11528	0.35638	0.47167	0.44347	0.37499	16.0138	72.2	31.94	15.97	694
520	4596.93884	733.68232	2051.46302	0.13706	0.30858	0.44564	0.4462	0.37728	15.39342	69.5	32.01	16.01	692
520	4747.75975	742.02948	2104.33544	0.13366	0.30736	0.44102	0.44227	0.37481	16.43372	74.6	31.68	15.84	696
520	4938.22473	808.86025	2133.57137	0.13772	0.32038	0.4581	0.44244	0.37337	17.0569	75.2	32.12	16.06	706
520	4173.9404	677.26548	1664.52746	0.13974	0.28513	0.42487	0.4247	0.35941	16.9656	75	32.1	16.05	705
520	3745.7946	602.99157	1487.04455	0.13863	0.28415	0.42278	0.42283	0.35814	17.4744	77.1	32.14	16.07	705
520	3780.13895	640.68608	1576.74578	0.14504	0.2935	0.43854	0.43926	0.36972	17.50788	77.6	32.07	16.04	704
520	4000.46551	651.93199	1600.13846	0.14023	0.28555	0.42578	0.42584	0.36019	17.74838	78.6	32.08	16.04	704
520	4145.01146	670.72004	1622.45221	0.13913	0.28096	0.42009	0.42059	0.35618	17.6364	78.3	32.05	16.02	703
520	4040.07691	655.33065	1575.06165	0.13946	0.28048	0.41994	0.42007	0.3557	17.72006	78.7	32.09	16.05	702
520	3684.80068	660.0884	1499.52116	0.15217	0.28911	0.44128	0.44116	0.36952	17.4699	77.5	32.19	16.1	700
520	3204.59894	565.5715	1282.07952	0.15017	0.28548	0.43566	0.43576	0.36571	17.8475	78.5	32.34	16.17	703
520	2819.58832	477.23932	1112.26693	0.14467	0.28207	0.42674	0.42764	0.36051	17.63156	78.5	31.9	15.95	704
520	4895.87574	815.39335	2152.67616	0.14267	0.30524	0.44791	0.44818	0.37743	16.81264	75	32.04	16.02	700
520	4684.5807	776.5118	2094.10442	0.14216	0.30868	0.45084	0.45111	0.37995	17.45338	77.6	32.09	16.05	701
520	3714.04731	620.38973	1672.6147	0.14337	0.31091	0.45428	0.45364	0.38172	17.38492	77.7	31.94	15.97	700
520	3198.98977	550.02319	1447.62614	0.14662	0.31187	0.4585	0.45826	0.38441	17.20396	77.6	31.73	15.86	698
520	3698.04789	634.92018	1644.37633	0.146	0.3075	0.4535	0.45433	0.38132	17.2376	77.9	31.72	15.86	698
520	4549.39371	772.23488	1983.91464	0.14507	0.30379	0.44887	0.44877	0.37727	17.32948	78	31.77	15.88	700
520	4897.2844	814.76923	2164.04108	0.14253	0.30646	0.44899	0.4491	0.37821	17.40264	78.3	31.77	15.89	699
520	5003.47058	845.05532	2206.80152	0.14441	0.30588	0.45029	0.45055	0.37886	17.47934	77.8	32.21	16.1	698
520	4936.70416	809.62575	2142.07726	0.14077	0.30254	0.44332	0.4435	0.37418	16.95456	75.9	32.13	16.06	695
520	4676.06573	788.11452	1996.07896	0.14419	0.29903	0.44322	0.4434	0.3732	16.06136	72.2	32	16	695
520	4471.95054	745.99306	1962.26613	0.14301	0.30512	0.44813	0.44794	0.37718	16.60308	73.2	32.24	16.12	703
520	4736.27998	798.63788	2067.14999	0.14427	0.30372	0.44799	0.44813	0.37697	16.76544	74.4	32.17	16.08	701
520	4618.82385	749.21274	2020.07111	0.13956	0.30395	0.44351	0.44385	0.37483	17.05926	76.1	32.03	16.02	700
520	4467.99787	751.27184	1981.03443	0.14396	0.30701	0.45097	0.45113	0.37947	17.07932	76.5	31.91	15.96	699
520	4521.42587	758.33427	1991.85621	0.14368	0.30574	0.44943	0.44944	0.37821	17.44158	77.6	32.12	16.06	700
520	4686.06643	791.98758	2110.74733	0.14458	0.31052	0.4551	0.45512	0.3825	17.45684	77.6	32.14	16.07	700
520	4722.87837	778.82974	2011.78476	0.14146	0.29843	0.43989	0.44028	0.37141	17.52992	77.5	32.3	16.15	700
520	4686.99408	735.35062	1976.52628	0.13534	0.35579	0.49112	0.43223	0.36653	17.59256	77.8	32.26	16.13	701
520	4187.0171	684.36293	1838.28805	0.14056	0.30517	0.44573	0.44558	0.37597	17.56784	78.2	32.09	16.05	700
520	3590.00511	620.55914	1440.71624	0.14727	0.28638	0.43365	0.43377	0.36474	17.14894	77.1	31.84	15.92	699
520	3055.27983	558.80733	1276.6719	0.15428	0.29433	0.44861	0.44933	0.3753	16.33164	73.2	31.85	15.93	700
520	2813.30762	483.72305	1122.53189	0.14675	0.28424	0.43099	0.43192	0.36344	17.142	75.9	32.18	16.09	702
520	2991.99974	502.29258	1174.31422	0.14366	0.28157	0.42523	0.42561	0.35912	16.89076	74.5	32.3	16.15	702
520	3165.42064	547.672	1296.22969	0.1477	0.29058	0.43828	0.43802	0.36809	17.07868	75.8	32.22	16.11	699
520	3288.20583	571.41408	1351.16206	0.14809	0.29059	0.43868	0.43929	0.36896	17.25732	76.5	32.29	16.15	699
520	3050.27597	535.6367	1246.88297	0.14982	0.29026	0.44008	0.43954	0.36884	17.32692	76.6	32.32	16.16	700
520	3100.02163	544.24592	1312.80871	0.14971	0.29642	0.44613	0.44684	0.37463	17.02976	75.8	32.14	16.07	699
520	3335.59925	565.34237	1376.71614	0.14452	0.29188	0.4364	0.43708	0.36798	16.9153	74.5	32.52	16.26	698
520	3501.14625	581.05744	1442.32694	0.14228	0.29124	0.43352	0.4341	0.36625	16.73416	74.4	32.22	16.11	698
520	2891.37019	487.41304	1226.90828	0.14485	0.29789	0.44274	0.44217	0.37222	14.79116	66.9	31.86	15.93	694
520	4375.78363	743.28945	1851.15953	0.14502	0.29661	0.44163	0.44248	0.37222	15.87218	71.2	31.87	15.94	699
520	4109.30186	668.34368	1641.50559	0.13979	0.28551	0.4253	0.42533	0.35984	17.22	76.5	32.13	16.06	701
520	4158.16524	700.33407	1716.85415	0.14411	0.29213	0.43624	0.43638	0.36761	16.99318	75.3	32.3	16.15	698
520	4138.08765	688.97429	1692.25809	0.1426	0.29021	0.43281	0.43298	0.36526	17.20628	77.1	31.98	15.99	698
520	3805.53479	666.70421	1621.2904	0.14915	0.2989	0.44805	0.44783	0.37548	17.4174	77.7	32.07	16.04	699
520	3715.34681	634.71506	1523.12943	0.14579	0.29049	0.43628	0.43667	0.36741	17.4817	78.4	31.82	15.91	701
520	3883.74222	645.73922	1584.86608	0.14237	0.28934	0.43171	0.43238	0.36481	17.36842	77.4	32.04	16.02	700
520	3965.58385	667.95373	1637.66192	0.14403	0.29224	0.43627	0.43643	0.36765	17.68188	78.3	32.23	16.12	701
520	3716.3264	629.94061	1585.93112	0.14496	0.29869	0.44366	0.44404	0.37353	17.64218	77.8	32.35	16.17	701
520	3364.60851	592.00205	1342.44879	0.14927	0.28469	0.43395	0.43482	0.36506	17.38612	77.1	32.21	16.11	700
520	2484.01116	444.90725	1012.53147	0.1515	0.28867	0.44017	0.44148	0.36977	16.98138	75.7	31.97	15.98	702
520	2894.30434	508.58857	1166.72052	0.14981	0.28697	0.43678	0.43675	0.36662	16.992	76.7	31.6	15.8	701
520	3619.9126	623.8654	1546.10028	0.14678	0.2988	0.44559	0.44629	0.37479	15.74226	71	31.94	15.97	694
520	4088.19328	704.01793	1772.85954	0.14678	0.30195	0.44874	0.44939	0.37728	15.26112	69.9	31.59	15.8	691
520	4386.78457	760.74827	1880.47427	0.1477	0.29985	0.44755	0.44784	0.37581	16.93832	76.8	31.71	15.86	696
520	4507.77809	780.79723	2046.91922	0.14737	0.312	0.45938	0.45992	0.38548	16.36926	73.8	31.98	15.99	694
520	4613.41056	757.34395	2004.94151	0.14101	0.30288	0.4439	0.44395	0.37451	13.28288	61.3	32.1	16.05	675
520	4724.39012	773.2196	2136.42372	0.14074	0.31118	0.45192	0.45204	0.38114	15.93376	72.3	31.81	15.9	693
520	4581.65004	754.55324	2000.26622	0.14139	0.30388	0.44527	0.44531	0.3755	14.93286	67.5	32.04	16.02	690
520	3721.88224	636.78678	1563.46019	0.1463	0.29663	0.44293	0.44191	0.37153	13.85328	63.5	31.78	15.89	687
520	2290.61926	392.30813	1068.65622	0.14607	0.31868	0.46474	0.46434	0.38943	14.95452	65.9	32.52	16.26	698
520	2640.64919	427.46985	1169.25566	0.13925	0.30552	0.44478	0.44623	0.37682	15.1844	67.2	32.34	16.17	699
520	3554.03232	592.99966	1596.56404	0.14279	0.31004	0.45283	0.45297	0.38122	16.06924	70.5	32.5	16.25	701
520	4380.2371	727.70494	1953.74348	0.14228	0.30827	0.45055	0.45092	0.37972	16.994	75.6	32.13	16.07	699
520	4752.43729	791.97449	2113.23633	0.14277	0.30766	0.45043	0.45064	0.37939	16.9708	75.7	32.07	16.03	699
520	4874.3673	780.44546	2125.26954	0.13801	0.30353	0.44154	0.44164	0.37348	17.28168	77.2	31.94	15.97	701
520	4871.36613	768.12811	2059.1083	0.13624	0.29698	0.43322	0.43331	0.36724	17.70708	78.6	32.08	16.04	702
520	4959.02033	772.97663	2302.41218	0.13483	0.31636	0.45118	0.45193	0.38278	17.48642	77	32.31	16.15	703
520	4941.6065	767.08602	2116.20539	0.13428	0.29907	0.43334	0.43421	0.36848	17.2392	75.5	32.42	16.21	704
520	4789.55982	743.20039	2083.58396	0.13423	0.3029	0.43713	0.43748	0.37115	16.26512	72.4	32.05	16.02	701
520	3977.41288	692.2341	1814.05462	0.14785	0.31488	0.46273	0.46147	0.38655	15.81328	71.9	31.98	15.99	688
520	1872.47076	331.80322	883.61448	0.15072	0.31887	0.46959	0.47113	0.39361	15.01494	67.5	32.19	16.1	691
520	-1	-1	-1	0.16449	0.32979	0.49428	-1	-1	14.6205	65.9	32.23	16.11	689
520	-1	-1	-1	0.15968	0.33084	0.49051	-1	-1	12.7868	59	32.11	16.05	675
520	-1	-1	-1	0.16437	0.33972	0.50408	-1	-1	14.76272	66.8	32.1	16.05	688
520	-1	-1	-1	0.15196	0.32896	0.48091	-1	-1	15.718	70.8	32.09	16.04	691
520	2041.9147	345.42458	997.85493	0.14463	0.32862	0.47326	0.47296	0.39681	15.7035	70.5	32.16	16.08	692
520	2991.32187	489.25804	1419.17145	0.14023	0.3213	0.46154	0.46234	0.3895	15.25052	68.8	32.1	16.05	691
520	4427.63227	733.53327	1982.50042	0.142	0.30868	0.45068	0.4514	0.3802	15.42534	69.2	32.27	16.13	691
520	4463.32573	765.00618	2002.65884	0.14657	0.30983	0.45641	0.45604	0.38275	13.3859	61.2	31.83	15.91	688
520	2345.32424	379.32747	1057.85372	0.13882	0.31003	0.44884	0.45006	0.37995	15.52892	69.1	32.02	16.01	702
520	2515.82373	431.17144	1143.06647	0.14635	0.31281	0.45915	0.45872	0.38489	13.9832	62.8	32.01	16	696
520	3701.49788	609.72299	1703.36489	0.14164	0.31556	0.45719	0.45658	0.38458	13.8504	62	32.08	16.04	696
520	4534.24511	724.58103	2045.19068	0.13771	0.31077	0.44847	0.44863	0.37921	13.35624	60.6	31.72	15.86	695
520	4537.67004	709.5906	1910.78839	0.13513	0.29629	0.43142	0.43155	0.36607	13.2832	59.9	31.87	15.94	695
520	4600.95114	778.06508	2079.7923	0.14444	0.31118	0.45562	0.45596	0.38315	13.39968	60.9	31.74	15.87	693
520	4615.33903	723.10891	2108.45111	0.13538	0.31348	0.44886	0.44903	0.38023	5.411	40	31.28	15.64	432
520	4700.00334	735.18765	2060.91431	0.13524	0.30469	0.43993	0.44009	0.37301	14.68328	65.8	31.84	15.92	701
520	4645.66206	718.69336	2048.43901	0.1339	0.30589	0.43979	0.43998	0.37329	14.30512	63.6	32.12	16.06	700
520	4493.26246	706.99029	1986.66957	0.13593	0.30645	0.44238	0.44254	0.3748	14.57182	65	31.98	15.99	701
520	4277.47959	717.17866	1962.18151	0.14335	0.31332	0.45667	0.45806	0.38514	14.9856	70	31.03	15.51	690
520	3691.30115	625.94792	1705.44991	0.14492	0.31636	0.46128	0.461	0.3871	16.65876	75.9	31.54	15.77	696
520	2910.75841	502.66312	1345.51249	0.14701	0.31613	0.46313	0.46339	0.38836	16.2963	73.6	31.92	15.96	694
520	2666.0563	466.07658	1244.16331	0.14887	0.31806	0.46693	0.46699	0.3908	16.76432	75.7	31.93	15.97	694
520	2527.80322	442.36467	1185.7406	0.14876	0.31976	0.46851	0.46824	0.39176	16.98258	76.9	31.79	15.89	695
520	2528.10249	447.16479	1152.96992	0.15038	0.31334	0.46372	0.46351	0.38761	17.19732	77.2	32.01	16	696
520	2768.63916	470.14609	1282.87724	0.1454	0.3162	0.4616	0.4618	0.38769	16.63488	75.6	31.94	15.97	688
520	3476.97583	623.73551	1620.24904	0.15217	0.31859	0.47077	0.46997	0.39224	16.97428	76.7	31.92	15.96	694
520	4337.66141	744.43192	1997.72061	0.14651	0.31515	0.46166	0.46181	0.38732	16.82696	76.7	31.56	15.78	695
520	4368.31325	761.43338	1853.54913	0.14808	0.29768	0.44575	0.44634	0.37446	14.4324	68.9	30.26	15.13	692
520	1252.13691	229.08821	606.67239	0.15412	0.32569	0.47981	0.48104	0.40029	15.26224	68.2	32.08	16.04	697
520	1665.50454	296.44842	798.96991	0.1514	0.32493	0.47633	0.47529	0.39676	15.3816	68.3	32.05	16.03	702
520	2709.15041	428.18867	1280.73757	0.13631	0.32063	0.45694	0.45748	0.3868	11.59704	53.1	32.14	16.07	679
520	4566.67027	758.25235	2106.42914	0.14246	0.3157	0.45816	0.45806	0.38549	13.5146	61.8	31.63	15.81	692
520	4165.54262	685.71955	1832.20723	0.13558	0.29231	0.42789	0.44683	0.37674	13.54184	61.9	31.48	15.74	695
520	3662.03923	620.63676	1571.19361	0.14513	0.30015	0.44529	0.44515	0.37442	13.56656	62.3	31.41	15.71	693
520	3905.39774	659.15106	1725.51297	0.14454	0.3059	0.45044	0.45084	0.37912	13.26162	60.7	31.54	15.77	692
520	4697.02555	758.23673	2092.03402	0.13898	0.30825	0.44724	0.44714	0.37765	13.62528	61.8	31.58	15.79	699
520	4404.10839	709.71337	1997.26708	0.1386	0.31188	0.45049	0.45079	0.38067	13.7769	62.3	31.65	15.83	699
520	3109.33474	496.66237	1497.56559	0.13442	0.33221	0.46663	0.4628	0.39075	13.84692	62.8	31.58	15.79	698
520	4783.6094	792.11398	2086.66288	0.14209	0.30376	0.44585	0.44579	0.3757	15.3062	67.3	32.33	16.16	703
520	4827.06376	770.79286	2145.65693	0.13766	0.3075	0.44515	0.44542	0.37663	13.9479	62.2	32.09	16.05	699
520	4811.0714	761.97627	2179.96718	0.13665	0.31178	0.44843	0.44855	0.37946	13.2069	59.2	32.08	16.04	696
520	4588.46262	767.93411	2072.72121	0.14318	0.31101	0.45419	0.45453	0.38237	13.74498	61.5	32.16	16.08	695
520	4611.40408	765.72446	2074.26742	0.14238	0.31029	0.45267	0.45266	0.38114	13.4064	60.2	32.1	16.05	693
520	4653.40044	763.91469	2106.15024	0.1409	0.31156	0.45245	0.45259	0.38148	13.41666	60	32.15	16.07	696
520	4739.80448	766.11874	2079.87896	0.13912	0.30493	0.44404	0.44413	0.37517	13.95018	62	32.23	16.12	698
520	4764.72875	791.63454	2109.91932	0.1424	0.30681	0.44921	0.44939	0.37848	13.9935	62.4	32.1	16.05	698
520	4431.80971	730.84453	1904.1714	0.14148	0.30036	0.44184	0.4421	0.37287	13.63232	60.7	32.21	16.11	697
520	3487.18536	566.76099	1437.48195	0.1398	0.29133	0.43113	0.4317	0.36498	13.06816	59	32.02	16.01	691
540	1463.41527	234.29029	579.05979	0.13738	0.28327	0.42065	0.42151	0.35724	18.04502	78.2	32.02	16.01	721
540	1559.35192	238.1093	603.39151	0.13238	0.2787	0.41108	0.41146	0.3505	18.1488	78.7	32.19	16.1	716
540	1725.20347	274.10283	690.64092	0.13712	0.28562	0.42274	0.42298	0.35865	18.13774	78.5	32.36	16.18	714
540	1781.69607	290.57398	670.02829	0.14017	0.27308	0.41324	0.41351	0.35029	17.4948	78.4	31.32	15.66	712
540	1714.80288	282.09954	661.57241	0.14119	0.27821	0.4194	0.41966	0.35497	17.7754	79.1	31.5	15.75	714
540	1525.33463	229.88836	621.98538	0.13082	0.2894	0.42022	0.42063	0.35835	17.6484	78.7	31.41	15.7	714
540	1337.07602	218.58475	526.17347	0.13993	0.2823	0.42223	0.4229	0.35774	17.47816	77.1	31.83	15.92	712
540	1151.318	164.91664	493.31425	0.1243	0.29956	0.42386	0.42525	0.36375	17.5908	78.4	31.47	15.73	713
540	1169.37697	184.0784	508.46258	0.13502	0.30241	0.43743	0.43905	0.37195	17.8164	78.3	31.86	15.93	714
540	1434.63889	217.86913	619.4921	0.13087	0.30075	0.43162	0.43343	0.36856	17.45102	76.5	31.92	15.96	714
540	1665.41426	274.01353	686.77571	0.14053	0.29117	0.4317	0.43326	0.36585	17.016	77.1	31.03	15.52	711
540	1670.24495	272.25146	669.46694	0.14013	0.28537	0.4255	0.42629	0.36054	17.6532	77.9	31.91	15.96	710
540	2179.48763	363.72634	835.95667	0.1432	0.27761	0.4208	0.42024	0.35502	17.562	77.8	31.87	15.94	708
540	3118.00281	500.84418	1125.06737	0.13868	0.26448	0.40315	0.40355	0.34274	17.4286	76.8	32.04	16.02	708
540	3564.23169	564.36983	1324.16097	0.13682	0.27086	0.40767	0.40758	0.34634	17.382	77.1	31.91	15.96	706
540	3320.34402	541.18599	1286.53869	0.14	0.27818	0.41818	0.41941	0.35503	17.61268	77.7	32.11	16.05	706
540	2918.97897	492.13408	1122.52568	0.145	0.27836	0.42336	0.42202	0.35615	17.34836	77.7	31.66	15.83	706
540	2417.65321	424.93261	952.34765	0.14838	0.28192	0.4303	0.43208	0.36293	17.31996	77.3	31.81	15.9	705
540	1816.36741	285.89403	681.02603	0.13535	0.27255	0.4079	0.40869	0.3474	17.34482	77.7	31.6	15.8	707
540	1319.6814	196.84263	512.09215	0.12856	0.28841	0.41696	0.40936	0.34947	17.53952	77.7	31.75	15.88	711
540	2268.95992	369.94591	902.35271	0.14016	0.28438	0.42454	0.42473	0.35928	17.3964	77.2	31.52	15.76	715
540	2029.16784	341.92252	801.29468	0.14375	0.28254	0.42628	0.4273	0.36037	17.80502	78.3	31.92	15.96	713
540	1806.8365	291.608	722.82022	0.13866	0.28524	0.4239	0.4247	0.35957	15.03792	66.9	31.86	15.93	706
540	1687.92505	296.59856	688.77356	0.14472	0.28105	0.42577	0.43926	0.3686	17.74366	77.7	32.06	16.03	712
540	1613.42966	279.62694	625.40268	0.14724	0.27787	0.42511	0.42706	0.35936	17.766	77.9	32.08	16.04	711
540	1519.81976	242.47382	641.73845	0.13759	0.29603	0.43361	0.43448	0.3678	17.6856	78.2	31.9	15.95	709
540	1585.73438	264.4608	652.36865	0.1425	0.29118	0.43368	0.43442	0.36636	17.1636	78.2	31.03	15.52	707
540	1779.94374	279.62328	727.63649	0.13491	0.29016	0.42507	0.42594	0.36139	17.34836	78.2	31.34	15.67	708
540	1946.03132	330.09253	783.24807	0.14454	0.28632	0.43086	0.432	0.36391	17.538	78	31.75	15.88	708
540	1702.44017	280.18017	673.53831	0.14084	0.28316	0.42401	0.4248	0.35906	17.6232	78	31.86	15.93	710
540	2954.36324	510.74874	1177.16384	0.14733	0.28471	0.43204	0.43232	0.3636	17.3755	77.3	31.54	15.77	713
540	3299.91918	523.94349	1253.20873	0.13668	0.27475	0.41143	0.41226	0.35003	17.8032	77.7	32.15	16.08	713
540	3808.40345	576.18979	1460.72875	0.13158	0.27741	0.40898	0.40864	0.34847	17.5476	78.3	31.54	15.77	711
540	4474.53257	692.62376	1790.67859	0.13384	0.28468	0.41852	0.41986	0.35691	17.01952	75.8	31.7	15.85	708
540	4699.76319	704.6009	1870.47529	0.13022	0.28469	0.41491	0.41507	0.35397	17.0964	76.4	31.65	15.82	707
540	4709.30456	747.52608	1829.22064	0.14714	0.29156	0.4387	0.41675	0.35365	17.6712	78.6	31.77	15.89	708
540	4835.05124	751.62817	1965.89939	0.1345	0.28888	0.42337	0.4236	0.35981	16.99672	76.5	31.49	15.74	706
540	4830.9324	764.17109	1932.32666	0.13635	0.28525	0.4216	0.42229	0.35822	17.60914	78.3	31.78	15.89	707
540	3665.39201	603.99299	1474.15877	0.14139	0.28641	0.42781	0.4283	0.36182	17.3628	77.7	31.61	15.81	707
540	2559.75209	418.66461	969.05293	0.14105	0.27451	0.41556	0.41518	0.35155	16.64626	74.8	31.5	15.75	707
540	1758.12954	255.67148	657.22442	0.1265	0.27159	0.39809	0.39906	0.34178	17.3124	78	31.03	15.51	716
540	2002.77391	344.42403	811.44302	0.1463	0.28825	0.43455	0.43508	0.36594	17.68348	78.2	31.73	15.87	712
540	2256.62186	361.69093	875.45139	0.13815	0.27912	0.41727	0.41765	0.3541	17.60442	77.7	31.84	15.92	711
540	2678.33338	438.14775	1056.48956	0.14022	0.28257	0.42279	0.42347	0.35817	17.7996	78.6	31.83	15.92	711
540	3016.07922	509.43898	1148.94026	0.1442	0.27547	0.41968	0.42036	0.35477	17.6424	78.7	31.59	15.8	710
540	3590.32259	589.4932	1493.12465	0.14084	0.29361	0.43444	0.43476	0.36711	17.7413	78.4	31.88	15.94	710
540	4300.71452	722.34661	1693.00341	0.1435	0.2823	0.42581	0.42627	0.35964	17.2812	78.1	31.24	15.62	709
540	4388.16585	657.04221	1684.43086	0.13032	0.27745	0.40777	0.40761	0.34793	17.62212	78.5	31.68	15.84	709
540	4381.50625	694.27983	1742.2141	0.13626	0.28328	0.41954	0.42129	0.35736	16.57524	74.8	31.4	15.7	706
540	4492.01854	693.82555	1751.78327	0.13368	0.28007	0.41375	0.41436	0.35251	17.5176	77.9	31.6	15.8	712
540	2388.98804	398.68788	976.75631	0.14277	0.29011	0.43288	0.43322	0.36538	17.20794	77.2	31.55	15.78	707
540	2703.5381	456.93298	1060.4793	0.14428	0.2817	0.42598	0.42632	0.3595	17.37196	77.2	31.97	15.98	704
540	2993.5717	491.76222	1170.46231	0.14102	0.28179	0.4228	0.42218	0.35702	17.01206	76.2	31.83	15.92	702
540	3971.76613	632.53542	1541.89962	0.13755	0.27929	0.41684	0.41703	0.35379	17.00444	77.4	31.33	15.67	701
540	5071.18659	807.73517	2053.46699	0.13732	0.28812	0.42545	0.42562	0.3607	17.23154	78	31.52	15.76	701
540	4087.06256	635.39014	1691.22775	0.13487	0.29331	0.42818	0.42723	0.36276	17.4168	77.2	32.23	16.12	700
540	4291.74196	687.16514	1782.43765	0.13756	0.29336	0.43092	0.43146	0.36525	16.66794	76.8	31.14	15.57	697
540	5102.42261	800.47912	2064.85737	0.13565	0.28801	0.42366	0.4237	0.35962	16.66456	76.6	31.24	15.62	696
540	4173.90028	704.14212	1705.44439	0.14432	0.28986	0.43418	0.43442	0.366	17.168	78	31.41	15.7	701
540	2422.40043	402.68373	967.28986	0.25564	0.50928	0.76492	0.4279	0.36124	16.75736	75.6	31.63	15.81	701
540	4183.43403	667.93305	1690.71673	0.13736	0.28741	0.42477	0.4255	0.36053	17.08168	76.7	31.28	15.64	712
540	3452.93868	584.86278	1403.33463	0.14478	0.28866	0.43344	0.43382	0.3654	16.29226	72.3	31.89	15.95	707
540	2841.57622	497.50435	1078.67679	0.14816	0.27424	0.42239	0.42415	0.35678	17.7516	78.4	31.81	15.91	712
540	2422.65278	421.10057	966.771	0.14809	0.28495	0.43304	0.43331	0.36422	17.6136	78	31.7	15.85	712
540	2173.26965	367.10583	873.0973	0.14432	0.28643	0.43076	0.43111	0.36333	17.68466	78.4	31.7	15.85	712
540	2217.35065	382.59188	895.77302	0.14697	0.28723	0.43419	0.43489	0.36569	17.81918	79	31.72	15.86	711
540	2329.96679	391.65301	908.8748	0.14382	0.2805	0.42432	0.42452	0.35822	17.31768	76.3	31.99	16	709
540	2321.15015	398.76999	921.95857	0.14685	0.28409	0.43093	0.43089	0.36265	17.6652	78.4	31.68	15.84	711
540	2212.00723	381.88826	915.15219	0.14668	0.29182	0.4385	0.43987	0.36963	17.80384	78.5	31.91	15.96	711
540	2171.62001	377.53771	853.96126	0.14782	0.28139	0.42921	0.43035	0.36187	17.77434	78.4	31.94	15.97	710
540	2166.02874	374.06623	887.43994	0.14717	0.29036	0.43753	0.4379	0.36805	17.44512	77.4	31.95	15.98	705
540	2102.12564	363.47085	856.23981	0.14705	0.28901	0.43606	0.43685	0.36718	17.79912	78.4	32.17	16.09	705
540	2076.771	351.18001	822.00529	0.14475	0.28298	0.42773	0.42821	0.36098	17.5884	77.8	32.1	16.05	704
540	2112.52451	355.35071	817.38285	0.14373	0.27857	0.4223	0.42297	0.35697	17.67876	78.6	31.95	15.97	704
540	2198.96638	395.02681	932.8101	0.1522	0.29788	0.45009	0.45014	0.3765	17.30706	77.1	31.94	15.97	703
540	2360.52101	405.97284	933.66516	0.14668	0.28332	0.43	0.43017	0.36205	17.523	78.2	31.79	15.9	704
540	2455.68819	413.16631	1006.21871	0.14361	0.28961	0.43322	0.43467	0.36629	17.28052	76.9	31.93	15.97	704
540	2442.20759	428.20066	996.09693	0.14903	0.28947	0.4385	0.43888	0.36837	17.14068	77.5	31.48	15.74	703
540	2541.55856	447.11855	996.68334	0.14987	0.28243	0.4323	0.43129	0.36228	17.02032	76	31.93	15.97	701
540	2360.10255	414.22821	991.46061	0.14972	0.29593	0.44565	0.44513	0.37328	17.37314	77	32.09	16.04	703
540	2024.46129	335.70305	790.65275	0.14214	0.27954	0.42168	0.4231	0.35748	17.38376	77.8	31.31	15.65	714
540	2281.98337	371.12991	897.16438	0.13946	0.28191	0.42137	0.42209	0.35724	17.8884	78.4	32.11	16.05	710
540	2551.4944	433.09668	973.35274	0.14458	0.27611	0.42069	0.42125	0.35535	17.8116	78.1	32.16	16.08	709
540	2524.7426	429.47754	1005.01574	0.14492	0.28428	0.42919	0.4301	0.36232	17.60442	77.4	32.16	16.08	707
540	2521.15665	434.745	951.84716	0.14699	0.27383	0.42082	0.42115	0.35483	17.8044	78.4	32.08	16.04	708
540	2739.44601	460.73842	1048.71004	0.14376	0.27669	0.42044	0.42081	0.35526	17.63864	77.9	32	16	708
540	2713.26271	430.64901	1046.50724	0.13696	0.27792	0.41488	0.41532	0.35251	17.33302	76.8	31.9	15.95	707
540	2489.66991	415.65077	964.0552	0.14293	0.27908	0.42201	0.4222	0.35657	16.87104	75.9	31.56	15.78	704
540	2133.91202	349.50434	832.52394	0.1404	0.28089	0.42129	0.42138	0.35647	17.49628	77.1	32.09	16.05	707
540	1725.18781	288.29768	734.57194	0.14315	0.29813	0.44128	0.44182	0.37222	17.67404	78.5	31.76	15.88	709
540	1718.64821	287.85184	729.93944	0.14337	0.29779	0.44115	0.44157	0.37194	16.86756	75.9	31.44	15.72	707
540	2644.96746	450.72052	1096.99896	0.14518	0.29252	0.43771	0.43876	0.36915	17.32344	76.9	31.92	15.96	706
540	4092.47037	648.08579	1670.10988	0.13716	0.28997	0.42713	0.42653	0.36162	12.23922	57.1	31.64	15.82	678
540	4826.15552	725.72983	1977.99027	0.13029	0.29061	0.4209	0.42142	0.35907	14.95338	67.1	32.02	16.01	696
540	4656.88226	731.78154	1959.76371	0.13591	0.29617	0.43208	0.43199	0.36627	16.67268	75.7	31.45	15.72	701
540	3994.53634	648.33636	1600.11011	0.13938	0.28512	0.4245	0.42565	0.36016	17.31764	77.3	31.91	15.96	702
540	3267.29218	559.05073	1301.18396	0.14621	0.28432	0.43053	0.43092	0.36279	17.3047	77.2	31.92	15.96	702
540	2610.32452	483.86725	1081.79519	0.15613	0.29268	0.44881	0.44938	0.37492	17.44176	77.1	32.21	16.11	702
540	2032.77805	338.64502	852.36949	0.14293	0.29556	0.43848	0.43824	0.36945	17.12652	77.1	31.6	15.8	703
540	1564.30417	259.73756	642.37441	0.14226	0.29066	0.43292	0.4335	0.36576	17.3826	77.7	31.74	15.87	705
540	2467.11422	422.24766	1044.65506	0.14606	0.29645	0.44252	0.44361	0.37288	17.1972	76	31.63	15.82	715
540	2727.74349	464.50719	1098.05384	0.14561	0.28686	0.43247	0.43252	0.36421	17.8716	77.9	32.24	16.12	712
540	2968.44612	501.37461	1114.25168	0.1439	0.27206	0.41596	0.41742	0.35244	17.8593	78.1	32.17	16.09	711
540	3016.39394	498.70199	1100.30119	0.14151	0.26682	0.40832	0.40915	0.34645	17.5224	78.1	31.76	15.88	706
540	2803.17655	476.68291	1058.0143	0.14536	0.27383	0.41919	0.41935	0.35379	17.8164	78.3	32.14	16.07	708
540	2507.13782	421.587	1055.0187	0.14371	0.29665	0.44036	0.44012	0.37066	17.99854	78.7	32.23	16.11	709
540	1946.44781	321.88372	787.65571	0.14185	0.28841	0.43026	0.42999	0.36307	17.2782	78.1	31.24	15.62	709
540	1625.51627	252.4002	672.76375	0.13374	0.29245	0.42618	0.42713	0.36271	17.5392	78.5	31.44	15.72	711
540	1673.98101	272.37145	715.43822	0.1394	0.2989	0.4383	0.43936	0.37111	17.7204	78.6	31.7	15.85	711
540	1708.28009	261.29096	662.91135	0.13207	0.27907	0.41114	0.41223	0.35108	17.4996	77.1	31.92	15.96	711
540	1759.37432	289.01101	727.76859	0.14072	0.29309	0.4338	0.4337	0.36625	17.0604	76.8	31.38	15.69	708
540	1769.8369	300.61366	801.79805	0.1443	0.31167	0.45597	0.45698	0.38381	15.27008	69.9	31.26	15.63	699
540	2191.40349	398.95951	923.42145	0.15385	0.29501	0.44886	0.45048	0.37634	16.93182	77.4	31.05	15.52	704
540	2817.61081	483.19232	1191.94786	0.14633	0.29738	0.44371	0.44366	0.37285	15.14718	70.6	30.8	15.4	696
540	3080.34147	521.38752	1263.36058	0.14431	0.29048	0.43479	0.43561	0.36685	16.9418	77.4	31.21	15.61	702
540	3179.01578	547.39066	1323.5574	0.14671	0.29432	0.44102	0.44085	0.37049	17.06476	77.1	31.63	15.81	700
540	2907.54078	506.4565	1179.25088	0.148	0.28846	0.43646	0.4369	0.367	16.61932	74.7	31.94	15.97	697
540	2217.67745	392.57508	898.4487	0.14976	0.28753	0.43729	0.43872	0.36795	17.16074	77.6	31.62	15.81	700
540	1719.55703	276.54008	719.00886	0.13809	0.29411	0.4322	0.43339	0.36667	17.5112	77.4	32.23	16.12	702
540	1431.22948	226.92043	594.2061	0.1366	0.29317	0.42977	0.43022	0.36456	17.43712	76.8	32.22	16.11	704
540	2199.53502	384.93968	969.08141	0.1488	0.30587	0.45467	0.45478	0.38103	17.2512	76.1	31.83	15.91	712
540	2596.98256	450.04756	1068.02783	0.14773	0.29132	0.43905	0.43911	0.36891	17.30824	75.8	32.14	16.07	711
540	2789.68615	486.32172	1169.18513	0.14826	0.29495	0.44321	0.44378	0.37243	17.32594	76	32.15	16.07	709
540	2855.6598	509.21117	1227.03495	0.15128	0.30034	0.45162	0.45188	0.37811	17.35662	76.4	32.09	16.05	708
540	2642.06477	457.19777	1101.86349	0.14716	0.294	0.44116	0.44183	0.37111	17.6124	76.9	32.38	16.19	707
540	2393.91535	424.5075	983.48267	0.15052	0.29127	0.44179	0.44181	0.37034	17.50176	76.8	32.28	16.14	706
540	2209.25168	376.15937	929.75217	0.14527	0.29585	0.44112	0.44169	0.37151	17.14828	75.8	32.11	16.05	705
540	2101.38239	362.18932	873.25419	0.14675	0.29291	0.43965	0.44058	0.37025	14.9072	66.8	32	16	698
540	1905.17094	302.99488	809.94711	0.13707	0.29765	0.43472	0.43553	0.36875	17.5692	76.5	32.4	16.2	709
540	1683.08294	285.40686	719.47497	0.14497	0.29936	0.44433	0.44445	0.37384	8.54084	40.5	31.79	15.89	664
540	3758.30754	662.26773	1631.53265	0.14925	0.3026	0.45185	0.45252	0.37901	16.54856	74.4	31.48	15.74	706
540	4363.47754	711.23449	1876.4894	0.14019	0.30061	0.4408	0.44087	0.37227	17.4168	77	31.99	15.99	707
540	4891.10029	761.19803	2035.72064	0.13457	0.29376	0.42833	0.42856	0.3638	16.153	71.6	32.19	16.09	701
540	5180.92677	826.64891	2209.8022	0.13765	0.29885	0.43649	0.4366	0.36952	4.65388	43.6	30.2	15.1	353
540	4828.74816	760.04374	2020.84039	0.13605	0.29511	0.43115	0.43103	0.36544	17.4168	77.2	32.03	16.02	704
540	4549.66174	728.61092	1919.25814	0.13811	0.29699	0.43511	0.43473	0.36789	13.89852	63.4	31.79	15.89	690
540	3847.21529	635.30496	1592.14789	0.14184	0.29214	0.43398	0.43444	0.36668	17.09584	75.6	32.17	16.08	703
540	2796.98749	504.16265	1212.56836	0.15302	0.30225	0.45527	0.45514	0.38034	17.5702	77.4	32.22	16.11	704
540	2055.94563	360.27726	886.36769	0.14763	0.29963	0.44726	0.45036	0.37747	17.47816	77.1	32.17	16.08	704
540	1736.65074	300.77576	729.56083	0.14765	0.29515	0.4428	0.44345	0.37237	17.2788	76.9	31.85	15.93	706
540	1947.42143	307.84492	803.45328	0.13627	0.29112	0.42739	0.42857	0.36332	17.1288	76.4	31.15	15.57	720
540	2328.70201	375.96224	982.71672	0.13873	0.29603	0.43476	0.43577	0.36847	13.7286	61.9	31.4	15.7	707
540	2708.06452	462.29726	1157.23936	0.14562	0.29906	0.44469	0.44521	0.37423	17.8632	77.7	32.02	16.01	718
540	2799.06149	460.61687	1168.06832	0.14109	0.294	0.43509	0.43574	0.36784	17.43096	77.7	31.29	15.64	717
540	2636.86462	442.70302	1085.90545	0.14373	0.29069	0.43441	0.43545	0.36697	17.79126	78.1	31.79	15.9	717
540	2267.26105	364.79808	908.74144	0.1384	0.28558	0.42398	0.42473	0.35968	17.8486	78.7	31.63	15.81	717
540	1989.95154	330.84624	781.39268	0.14258	0.28169	0.42426	0.42451	0.35853	17.40854	76.8	31.64	15.82	717
540	1676.21564	267.2753	678.93856	0.13725	0.28797	0.42522	0.4258	0.36082	17.2992	78.1	30.86	15.43	718
540	1451.91587	221.36591	602.66622	0.13223	0.29214	0.42437	0.42562	0.36206	16.73004	74.2	31.41	15.71	718
540	1340.48299	208.7588	594.88702	0.13394	0.3067	0.44064	0.44213	0.37481	15.15238	67.4	31.66	15.83	710
540	4223.83131	640.64422	1758.7633	0.13203	0.29395	0.42599	0.42568	0.36227	16.4669	75	30.81	15.41	713
540	4275.44509	639.48466	1765.92927	0.12974	0.28326	0.413	0.42242	0.36005	16.9979	76.6	31.18	15.59	712
540	3910.52535	626.86457	1644.12555	0.1386	0.29561	0.43421	0.43415	0.36738	17.08994	76.1	31.61	15.8	710
540	3036.77393	464.11712	1281.04652	0.13224	0.29574	0.42798	0.42926	0.36495	16.87518	76.6	31.07	15.53	709
540	2960.17679	521.65203	1232.16053	0.14959	0.29334	0.44293	0.44373	0.37204	17.06044	76.6	31.47	15.73	708
540	3294.47384	552.08675	1462.80747	0.14344	0.30771	0.45114	0.45102	0.3795	16.7206	75.8	31.19	15.6	707
540	4754.49253	751.20447	2011.38726	0.13652	0.29703	0.43355	0.43373	0.36751	16.37722	74.5	31.09	15.54	707
540	3854.43712	622.0049	1636.09957	0.1385	0.29741	0.43591	0.43694	0.36942	14.8596	67.4	31.47	15.73	701
540	2466.50043	400.17775	999.06292	0.13946	0.28858	0.42804	0.42788	0.36196	16.9632	75.4	31.76	15.88	709
540	2078.02753	322.56361	860.12934	0.1344	0.29232	0.42672	0.42711	0.36271	14.81886	66.2	31.85	15.93	703
